0 0.869449 0.427093 0.0901539 0.249527
11 0.139935 0.326867 0.0834974 0.221827
8 0.0990082 0.701565 0.0903453 0.183706
6 0.133042 0.43347 0.0858583 0.249333
10 0.259677 0.256042 0.0599266 0.138014
1 0.887193 0.57294 0.0758356 0.193149
10 0.22419 0.710848 0.0699325 0.148152
7 0.111701 0.555597 0.0765826 0.198972
10 0.272582 0.165009 0.0585845 0.132275
10 0.24038 0.576749 0.0682502 0.145075
10 0.278665 0.0732006 0.0574254 0.130435
10 0.452398 0.357821 0.0600107 0.139696
10 0.447298 0.488341 0.060784 0.14268
10 0.215067 0.855764 0.0718838 0.155989
4 0.731507 0.0900585 0.0516465 0.126761
4 0.774451 0.58431 0.0613699 0.14145
2 0.832717 0.161747 0.0781918 0.173756
3 0.824209 0.0767474 0.0665703 0.153495
4 0.736137 0.170649 0.0548763 0.13207
4 0.760133 0.479164 0.0638956 0.14482
9 0.176271 0.0753786 0.0675893 0.150757
4 0.556295 0.368962 0.0605244 0.138223
4 0.788443 0.731571 0.0686587 0.148074
4 0.65375 0.267069 0.0574009 0.134706
5 0.849432 0.329757 0.0860758 0.227365
3 0.932011 0.858157 0.0922382 0.181825
8 0.167902 0.139931 0.0738328 0.159888
7 0.166395 0.228991 0.0676739 0.190011
4 0.808583 0.877369 0.0689604 0.1488
2 0.908142 0.700981 0.0840405 0.201651
9 0.0838667 0.848393 0.0926697 0.190073
1 0.842236 0.237643 0.0667057 0.183314
