3 0.365336 0.077519 0.047964 0.127907
4 0.601927 0.243537 0.040042 0.105944
4 0.648474 0.164727 0.037063 0.113694
10 0.412245 0.675065 0.050073 0.124037
4 0.683687 0.481912 0.043677 0.120157
4 0.620094 0.581394 0.047312 0.120157
4 0.693531 0.686694 0.047240 0.116278
0 0.763661 0.546514 0.065406 0.208009
6 0.322130 0.648579 0.064750 0.202843
8 0.412609 0.459301 0.050802 0.158917
2 0.480198 0.374032 0.053073 0.140824
11 0.737812 0.278426 0.059583 0.171833
1 0.747266 0.461898 0.051615 0.147315
1 0.539789 0.293926 0.045057 0.144704
10 0.334810 0.567829 0.042151 0.108528
