4 0.671734 0.475181 0.038552 0.104194
4 0.664477 0.247995 0.038547 0.104194
10 0.341669 0.683528 0.043120 0.114796
4 0.692344 0.703435 0.042188 0.108500
4 0.689292 0.581231 0.040979 0.109574
0 0.773193 0.555338 0.061167 0.199176
10 0.483385 0.304009 0.035240 0.109389
7 0.361049 0.140338 0.047818 0.151806
7 0.338331 0.554856 0.047818 0.151806
1 0.677497 0.373972 0.045411 0.144463
2 0.617833 0.472500 0.047240 0.143148
1 0.546977 0.294301 0.045411 0.144472
9 0.403458 0.670069 0.050167 0.146157
6 0.265672 0.534398 0.058760 0.198056
10 0.374250 0.092333 0.033427 0.094315
10 0.348813 0.473472 0.043604 0.102074
4 0.655135 0.104611 0.031250 0.095611
11 0.345911 0.368060 0.052083 0.174435
9 0.288375 0.379343 0.050167 0.137574
3 0.711724 0.091356 0.044812 0.119620
5 0.741701 0.297477 0.053901 0.165806
10 0.427669 0.159204 0.033432 0.099741
8 0.414042 0.467620 0.045458 0.151796
10 0.408896 0.576403 0.043604 0.110713
4 0.611172 0.387977 0.038552 0.104194
3 0.749253 0.477343 0.050870 0.141167
