9 0.320781 0.078972 0.041042 0.125759
10 0.356206 0.160282 0.033432 0.097583
10 0.364086 0.236148 0.038286 0.102889
10 0.361667 0.311009 0.037083 0.108352
10 0.351068 0.372375 0.037656 0.106176
10 0.340169 0.578023 0.041328 0.112657
10 0.341669 0.683528 0.043120 0.114796
9 0.245685 0.674861 0.054984 0.143981
4 0.692344 0.703435 0.042188 0.108500
4 0.689292 0.581231 0.040979 0.109574
4 0.671734 0.475181 0.038552 0.104194
4 0.674156 0.392282 0.038552 0.104194
4 0.670521 0.321218 0.038552 0.104194
4 0.664477 0.247995 0.038547 0.104194
4 0.658417 0.164028 0.033688 0.095611
11 0.287792 0.279718 0.052083 0.166880
6 0.285357 0.357773 0.053318 0.183028
7 0.293828 0.213551 0.043594 0.151806
7 0.278078 0.443958 0.052083 0.151806
8 0.310469 0.142509 0.043646 0.134611
8 0.274164 0.569338 0.059953 0.143194
10 0.348813 0.468644 0.043604 0.111731
1 0.749615 0.461954 0.047240 0.150944
4 0.655135 0.104611 0.031250 0.095611
10 0.374250 0.092333 0.033427 0.094315
3 0.778331 0.680838 0.056661 0.136954
5 0.741701 0.297477 0.053901 0.165806
0 0.743820 0.369134 0.058141 0.188306
1 0.726510 0.213009 0.041771 0.139167
2 0.724141 0.154819 0.043000 0.128120
3 0.711724 0.091356 0.044812 0.119620
2 0.764112 0.558032 0.055109 0.144269
