4 0.732898 0.588718 0.044328 0.120157
3 0.740536 0.073847 0.043615 0.131750
0 0.802667 0.548667 0.069042 0.205426
4 0.677302 0.084199 0.036333 0.113694
4 0.638057 0.381352 0.043604 0.116278
4 0.730719 0.688829 0.050146 0.118824
1 0.566120 0.214042 0.042135 0.158917
1 0.499612 0.372310 0.051599 0.167954
10 0.433479 0.390398 0.042875 0.116278
10 0.365164 0.492463 0.045786 0.111111
10 0.346273 0.690801 0.047245 0.122713
10 0.392411 0.146213 0.037781 0.111111
7 0.440385 0.129412 0.043604 0.152454
10 0.440359 0.090676 0.042875 0.116278
6 0.291039 0.434324 0.067589 0.201556
9 0.293930 0.297375 0.050891 0.146046
9 0.683451 0.156551 0.046505 0.140861
4 0.569719 0.479565 0.043604 0.116278
3 0.646753 0.568713 0.048693 0.151167
