0 0.477938 0.545162 0.059958 0.193750
10 0.408896 0.576403 0.043604 0.110713
7 0.296854 0.201713 0.044167 0.144259
4 0.482779 0.314764 0.038547 0.104194
1 0.677497 0.373972 0.045411 0.144463
4 0.611172 0.387977 0.038552 0.104194
4 0.671734 0.475181 0.038552 0.104194
10 0.341669 0.683528 0.043120 0.114796
11 0.711094 0.675991 0.065417 0.178759
6 0.265672 0.532222 0.058760 0.202407
4 0.655135 0.104611 0.031250 0.095611
3 0.749253 0.477343 0.050870 0.141167
10 0.427669 0.159204 0.033432 0.099741
3 0.711724 0.091356 0.044812 0.119620
10 0.374250 0.092333 0.033427 0.094315
10 0.414344 0.384745 0.043604 0.110713
