4 0.633357 0.228681 0.039974 0.108528
4 0.715844 0.487727 0.042875 0.120157
0 0.805591 0.541352 0.069755 0.206741
9 0.289245 0.456718 0.057417 0.143417
10 0.352833 0.573620 0.043604 0.118907
6 0.259086 0.642120 0.063953 0.211889
4 0.561411 0.076227 0.039969 0.108528
10 0.426229 0.696384 0.046500 0.118917
1 0.708211 0.286801 0.045797 0.152491
4 0.645711 0.583977 0.042880 0.120157
7 0.651526 0.693796 0.052313 0.162759
11 0.432049 0.186046 0.056682 0.182167
5 0.575945 0.273903 0.051599 0.182176
3 0.779802 0.382444 0.053771 0.142148
