9 0.289245 0.456718 0.057417 0.143417
9 0.296513 0.360463 0.051599 0.149870
7 0.310320 0.200903 0.047234 0.153750
11 0.375365 0.193153 0.056688 0.182176
10 0.395349 0.076231 0.039969 0.105944
10 0.352833 0.573620 0.043604 0.118907
10 0.348469 0.690569 0.046521 0.125324
2 0.497094 0.203486 0.048688 0.140824
1 0.501823 0.573630 0.052292 0.167926
1 0.730385 0.583977 0.048708 0.162787
0 0.805591 0.541352 0.069755 0.206741
3 0.762719 0.295222 0.050875 0.138241
6 0.259086 0.642120 0.063953 0.211889
5 0.564669 0.200907 0.048714 0.182167
4 0.632268 0.227394 0.039974 0.108528
4 0.675510 0.082685 0.040698 0.105944
4 0.566135 0.154394 0.037062 0.112398
4 0.655161 0.580750 0.053781 0.135667
3 0.739826 0.072352 0.042880 0.129204
4 0.715844 0.487727 0.042875 0.120157
4 0.740917 0.698968 0.047969 0.121454
