0 0.740893 0.358486 0.054505 0.187343
1 0.750341 0.468051 0.045786 0.155046
1 0.724542 0.215722 0.043604 0.139537
2 0.715820 0.157579 0.045057 0.129194
2 0.762695 0.564556 0.051599 0.144704
3 0.778331 0.680838 0.056661 0.136954
3 0.712549 0.092981 0.041422 0.113704
4 0.654773 0.103968 0.031974 0.091731
4 0.657315 0.168565 0.032703 0.099481
4 0.606445 0.238977 0.035609 0.103361
4 0.544669 0.313912 0.035609 0.105935
4 0.671490 0.396602 0.037792 0.105944
4 0.680203 0.476032 0.037802 0.107194
4 0.690021 0.586523 0.042875 0.113694
10 0.332826 0.682773 0.053776 0.114991
10 0.369526 0.161458 0.035615 0.093028
10 0.360807 0.231204 0.034156 0.100741
8 0.260516 0.563264 0.058865 0.131787
8 0.303029 0.142722 0.046516 0.127907
7 0.302667 0.209907 0.044333 0.143407
11 0.288130 0.279028 0.054510 0.160204
7 0.303029 0.208616 0.043609 0.143417
10 0.374250 0.092333 0.033427 0.094315
5 0.727813 0.287426 0.050146 0.164074
6 0.282685 0.363657 0.050880 0.192500
7 0.270688 0.455384 0.047240 0.145991
9 0.310294 0.091046 0.045057 0.117574
4 0.702013 0.696338 0.042151 0.113694
9 0.252156 0.674375 0.053781 0.134361
10 0.481443 0.304866 0.037063 0.103361
10 0.477448 0.407579 0.047969 0.112398
10 0.348813 0.471606 0.043604 0.105806
10 0.339003 0.571662 0.050141 0.114991
