10 0.374250 0.092333 0.033427 0.094315
9 0.310294 0.091046 0.045057 0.117574
10 0.369526 0.161458 0.035615 0.093028
0 0.678391 0.361713 0.050146 0.188630
10 0.348813 0.470866 0.043604 0.107287
2 0.416763 0.217653 0.045786 0.135676
10 0.334641 0.680843 0.047240 0.121463
7 0.295823 0.207190 0.043604 0.143417
6 0.282685 0.363657 0.050880 0.192500
9 0.252156 0.674375 0.053781 0.134361
4 0.655135 0.104611 0.031250 0.095611
4 0.680203 0.476032 0.037802 0.107194
4 0.690021 0.586523 0.042875 0.113694
4 0.702013 0.696338 0.042151 0.113694
1 0.749615 0.465722 0.047240 0.143407
3 0.778331 0.680838 0.056661 0.136954
10 0.413607 0.475069 0.037464 0.109287
4 0.612339 0.395491 0.042260 0.107574
3 0.713203 0.101787 0.041615 0.128074
5 0.726641 0.287065 0.053792 0.170759
11 0.533430 0.130491 0.042880 0.161500
