3 0.739826 0.072352 0.042880 0.129204
0 0.805591 0.541352 0.069755 0.206741
4 0.715844 0.487727 0.042875 0.120157
9 0.289245 0.456718 0.057417 0.143417
10 0.352833 0.573620 0.043604 0.118907
6 0.259086 0.642120 0.063953 0.211889
4 0.561411 0.076227 0.039969 0.108528
10 0.426229 0.696384 0.046500 0.118917
1 0.708211 0.286801 0.045797 0.152491
9 0.429138 0.370801 0.051609 0.148583
11 0.365917 0.356588 0.056688 0.182176
7 0.577042 0.575565 0.052313 0.162759
5 0.633370 0.279069 0.051594 0.182176
4 0.632268 0.227394 0.039974 0.108528
4 0.645711 0.583977 0.042880 0.120157
1 0.508357 0.285532 0.045797 0.152491
10 0.569406 0.307495 0.046500 0.118917
