10 0.408896 0.576403 0.043604 0.110713
3 0.778331 0.680838 0.056661 0.136954
4 0.655135 0.104611 0.031250 0.095611
10 0.374250 0.092333 0.033427 0.094315
10 0.427669 0.159204 0.033432 0.099741
8 0.306547 0.143574 0.043646 0.134611
0 0.743820 0.369134 0.058141 0.188306
5 0.741701 0.297477 0.053901 0.165806
3 0.711724 0.091356 0.044812 0.119620
2 0.605703 0.469278 0.047240 0.137741
2 0.725049 0.154875 0.041182 0.125861
4 0.611172 0.387977 0.038552 0.104194
1 0.600875 0.076819 0.047240 0.143417
4 0.539396 0.159722 0.031833 0.095611
8 0.414042 0.467620 0.045458 0.151796
10 0.483682 0.308282 0.035240 0.109361
10 0.482174 0.230801 0.033432 0.100806
7 0.293828 0.213551 0.043594 0.151806
9 0.320781 0.078972 0.041042 0.125759
10 0.351068 0.372375 0.037656 0.106176
10 0.341669 0.683528 0.043120 0.114796
9 0.244167 0.675444 0.054979 0.143981
7 0.278688 0.442884 0.052083 0.151806
11 0.287792 0.279718 0.052083 0.166880
6 0.285346 0.355671 0.050870 0.183028
4 0.664477 0.247995 0.038547 0.104194
4 0.670521 0.323375 0.038552 0.104194
4 0.671734 0.475181 0.038552 0.104194
4 0.689292 0.581231 0.040979 0.109574
4 0.692344 0.703435 0.042188 0.108500
1 0.749615 0.462509 0.047240 0.149833
10 0.348813 0.469708 0.043604 0.109602
