10 0.412526 0.677042 0.044323 0.120176
3 0.304115 0.223241 0.040000 0.130370
10 0.427669 0.159204 0.033432 0.099741
4 0.655135 0.104611 0.031250 0.095611
10 0.374250 0.092333 0.033427 0.094315
4 0.611172 0.387977 0.038552 0.104194
0 0.476120 0.351366 0.059958 0.193750
10 0.416148 0.386343 0.035828 0.105093
6 0.334404 0.536546 0.058755 0.202407
1 0.677497 0.373972 0.045411 0.144463
3 0.749253 0.477343 0.050870 0.141167
10 0.478229 0.569380 0.038854 0.115870
11 0.481250 0.282463 0.046667 0.176593
4 0.671734 0.475181 0.038552 0.104194
