4 0.655135 0.104611 0.031250 0.095611
4 0.690021 0.586523 0.042875 0.113694
4 0.702013 0.696338 0.042151 0.113694
1 0.749615 0.465722 0.047240 0.143407
3 0.778331 0.680838 0.056661 0.136954
10 0.413607 0.475069 0.037464 0.109287
4 0.612339 0.395491 0.042260 0.107574
4 0.613112 0.473833 0.042266 0.107574
9 0.287599 0.287574 0.042302 0.134370
6 0.345125 0.351634 0.047854 0.191417
3 0.671250 0.299417 0.051792 0.136944
7 0.413576 0.362403 0.045422 0.147509
10 0.413862 0.230514 0.037464 0.109287
9 0.539818 0.159449 0.040469 0.134361
10 0.374250 0.092333 0.033427 0.094315
10 0.334641 0.680843 0.047240 0.121463
0 0.678391 0.361713 0.050146 0.188630
10 0.348813 0.470773 0.043604 0.107472
