8 0.423474 0.226745 0.049417 0.147287
6 0.261263 0.536176 0.066859 0.195093
7 0.395167 0.666667 0.050802 0.166667
9 0.280305 0.479319 0.056682 0.140806
9 0.288664 0.304264 0.048693 0.144694
11 0.346513 0.357884 0.052328 0.164083
10 0.347237 0.475454 0.045057 0.107241
10 0.339536 0.580088 0.050146 0.122769
10 0.330122 0.676361 0.045714 0.116278
10 0.360247 0.231912 0.037786 0.103361
10 0.366424 0.152454 0.041422 0.107241
10 0.375508 0.093023 0.036339 0.112398
4 0.528570 0.300389 0.038495 0.105944
4 0.602982 0.379199 0.045057 0.121454
4 0.693096 0.573644 0.050870 0.145991
4 0.692370 0.689278 0.050885 0.116278
4 0.651672 0.166667 0.037792 0.107241
4 0.643352 0.088500 0.032776 0.105944
3 0.605596 0.476745 0.048693 0.148583
3 0.734594 0.386306 0.056687 0.148574
2 0.597568 0.213176 0.050073 0.138241
1 0.484956 0.140829 0.042880 0.153750
1 0.719622 0.213824 0.045786 0.157630
5 0.535393 0.199616 0.047964 0.157620
0 0.763253 0.549745 0.064630 0.214472
