0 0.763661 0.546514 0.065406 0.208009
4 0.683687 0.481912 0.043677 0.120157
4 0.620094 0.581394 0.047312 0.120157
4 0.693531 0.686694 0.047240 0.116278
4 0.601927 0.243537 0.040042 0.105944
4 0.648474 0.164727 0.037063 0.113694
1 0.475799 0.207361 0.045057 0.144704
1 0.690263 0.582042 0.047964 0.155046
3 0.365336 0.077519 0.047964 0.127907
3 0.745458 0.404394 0.052396 0.148583
2 0.286120 0.293282 0.062500 0.140824
6 0.322130 0.648579 0.064750 0.202843
9 0.250146 0.675708 0.070490 0.158917
8 0.395167 0.468995 0.050802 0.158917
10 0.345711 0.474162 0.045057 0.114991
10 0.334810 0.567829 0.042151 0.108528
10 0.412245 0.675065 0.050073 0.124037
11 0.598984 0.139537 0.047240 0.171833
