4 0.648935 0.571296 0.047964 0.143407
6 0.316836 0.125509 0.061047 0.198981
10 0.340094 0.687556 0.053781 0.121444
10 0.428029 0.486648 0.046516 0.117574
10 0.430573 0.574505 0.047240 0.114991
10 0.453464 0.092593 0.043604 0.114981
10 0.377521 0.230190 0.039969 0.113694
10 0.510872 0.157843 0.042161 0.111111
5 0.508333 0.204352 0.047240 0.175704
3 0.763031 0.296102 0.047240 0.139537
3 0.804445 0.680449 0.057432 0.148546
4 0.720883 0.489903 0.047964 0.143417
4 0.564992 0.161106 0.039974 0.118824
4 0.622409 0.080977 0.034141 0.103417
4 0.733964 0.682407 0.047969 0.143407
7 0.415674 0.682384 0.053776 0.162787
11 0.649323 0.467917 0.055958 0.180870
9 0.692201 0.148792 0.047234 0.152454
