3 0.778331 0.680838 0.056661 0.136954
10 0.374250 0.092333 0.033427 0.094315
10 0.334641 0.680843 0.047240 0.121463
7 0.294224 0.207190 0.043604 0.143417
6 0.282685 0.363657 0.050880 0.192500
4 0.655135 0.104611 0.031250 0.095611
4 0.680203 0.476032 0.037802 0.107194
4 0.690021 0.586523 0.042875 0.113694
4 0.702013 0.696338 0.042151 0.113694
1 0.749615 0.465722 0.047240 0.143407
4 0.612339 0.395491 0.042260 0.107574
0 0.678391 0.361713 0.050146 0.188630
5 0.669667 0.286657 0.053792 0.170759
10 0.413862 0.233741 0.037464 0.109278
9 0.305161 0.148148 0.044469 0.122963
10 0.413896 0.475069 0.038042 0.109287
10 0.348813 0.469153 0.043604 0.110713
9 0.252156 0.673287 0.053781 0.138611
11 0.543091 0.134852 0.048453 0.167963
3 0.702974 0.089630 0.041615 0.128074
