4 0.671734 0.475181 0.038552 0.104194
10 0.341669 0.683528 0.043120 0.114796
3 0.749253 0.477343 0.050870 0.141167
4 0.611172 0.387977 0.038552 0.104194
6 0.265672 0.533843 0.058760 0.199167
1 0.677497 0.373972 0.045411 0.144463
4 0.483992 0.313681 0.038547 0.104194
11 0.712609 0.673278 0.068448 0.175481
4 0.655135 0.104611 0.031250 0.095611
10 0.348813 0.473472 0.043604 0.102074
10 0.374250 0.092333 0.033427 0.094315
3 0.711724 0.091356 0.044812 0.119620
0 0.479146 0.544602 0.059958 0.193759
5 0.414336 0.364296 0.052682 0.174370
7 0.298073 0.203333 0.044167 0.144259
10 0.408896 0.576403 0.043604 0.110713
10 0.427669 0.159204 0.033432 0.099741
