4 0.611172 0.387977 0.038552 0.104194
9 0.555182 0.567421 0.050167 0.146157
3 0.711724 0.091356 0.044812 0.119620
10 0.374250 0.092333 0.033427 0.094315
10 0.348813 0.473472 0.043604 0.102074
4 0.655135 0.104611 0.031250 0.095611
3 0.749253 0.477343 0.050870 0.141167
0 0.630573 0.649602 0.055104 0.199185
1 0.677497 0.373972 0.045411 0.144463
5 0.412529 0.454204 0.051495 0.163593
6 0.265672 0.528472 0.058760 0.209907
10 0.408896 0.576403 0.043604 0.110713
10 0.427669 0.159204 0.033432 0.099741
4 0.540919 0.229704 0.038547 0.104185
11 0.363474 0.202787 0.052083 0.166889
2 0.617833 0.472500 0.047240 0.143148
10 0.483385 0.304009 0.035240 0.109389
7 0.361049 0.140338 0.047818 0.151806
4 0.671734 0.475181 0.038552 0.104194
10 0.341669 0.683528 0.043120 0.114796
