3 0.365336 0.077519 0.047964 0.127907
4 0.601927 0.243537 0.040042 0.105944
10 0.334810 0.567829 0.042151 0.108528
4 0.683687 0.481912 0.043677 0.120157
4 0.620094 0.581394 0.047312 0.120157
10 0.478016 0.691861 0.050073 0.124037
11 0.725109 0.137602 0.058865 0.177019
4 0.533977 0.162148 0.040047 0.105944
4 0.549964 0.682819 0.047312 0.120157
8 0.541969 0.377907 0.050802 0.158907
0 0.689500 0.540699 0.065406 0.208009
1 0.475836 0.135014 0.049453 0.147306
6 0.292698 0.189278 0.068406 0.201537
1 0.424237 0.142769 0.049453 0.147315
2 0.350109 0.364991 0.053073 0.157648
