10 0.369526 0.161458 0.035615 0.093028
10 0.334641 0.680843 0.047240 0.121463
10 0.339003 0.571662 0.050141 0.114991
10 0.481443 0.304866 0.037063 0.103361
7 0.303029 0.208616 0.043609 0.143417
11 0.288130 0.279028 0.054510 0.160204
6 0.282685 0.363657 0.050880 0.192500
7 0.270688 0.455384 0.047240 0.145991
9 0.252156 0.674375 0.053781 0.134361
4 0.544669 0.313912 0.035609 0.105935
4 0.655135 0.104611 0.031250 0.095611
4 0.657315 0.168565 0.032703 0.099481
4 0.671490 0.396602 0.037792 0.105944
4 0.680203 0.476032 0.037802 0.107194
4 0.690021 0.586523 0.042875 0.113694
4 0.702013 0.696338 0.042151 0.113694
3 0.712549 0.092981 0.041422 0.113704
2 0.715820 0.157579 0.045057 0.129194
1 0.724542 0.215722 0.043604 0.139537
5 0.727813 0.287426 0.050146 0.164074
0 0.740893 0.358486 0.054505 0.187343
1 0.749615 0.465722 0.047240 0.143407
3 0.778331 0.680838 0.056661 0.136954
10 0.482589 0.236662 0.034417 0.102454
8 0.410151 0.467894 0.046427 0.140880
2 0.608255 0.468606 0.045625 0.145139
9 0.310294 0.091046 0.045057 0.117574
10 0.374250 0.092333 0.033427 0.094315
10 0.348813 0.469755 0.043604 0.109509
