4 0.655135 0.104611 0.031250 0.095611
1 0.723812 0.216366 0.040698 0.138250
3 0.711823 0.096861 0.038521 0.111111
3 0.779047 0.680838 0.055229 0.136954
0 0.740164 0.358477 0.054505 0.192491
2 0.765237 0.564556 0.055234 0.144704
2 0.717273 0.155639 0.045057 0.127907
1 0.749615 0.465722 0.047240 0.143407
4 0.658042 0.166625 0.031250 0.095602
4 0.664948 0.243500 0.033427 0.099481
4 0.667490 0.313264 0.037063 0.102065
4 0.671852 0.399829 0.037068 0.102065
4 0.680938 0.476690 0.036354 0.103380
4 0.689294 0.587815 0.039974 0.105944
4 0.702375 0.694403 0.039969 0.109824
5 0.727810 0.284194 0.051599 0.160204
6 0.283406 0.363005 0.049417 0.186046
7 0.270326 0.454736 0.042151 0.142120
7 0.303029 0.208616 0.043609 0.143417
8 0.260151 0.565204 0.056687 0.135667
8 0.304846 0.144019 0.044328 0.122741
9 0.252518 0.673731 0.054505 0.138241
9 0.308841 0.088458 0.039245 0.114991
10 0.374250 0.090398 0.037792 0.098185
10 0.369161 0.160167 0.034885 0.093019
10 0.360805 0.227347 0.034161 0.100769
10 0.353901 0.311972 0.037792 0.099481
10 0.477810 0.403704 0.039974 0.107241
10 0.349542 0.468306 0.043604 0.112407
10 0.337911 0.569079 0.049417 0.109824
10 0.334641 0.680843 0.047240 0.121463
11 0.287042 0.284194 0.049417 0.162796
