6 0.316836 0.125509 0.061047 0.198981
10 0.428029 0.486648 0.046516 0.117574
10 0.430573 0.574505 0.047240 0.114991
10 0.340094 0.687556 0.053781 0.121444
5 0.508333 0.204352 0.047240 0.175704
3 0.761969 0.298667 0.047240 0.139537
3 0.805938 0.676569 0.061042 0.169250
4 0.563932 0.159134 0.040698 0.108528
4 0.718000 0.486648 0.047969 0.143407
4 0.648935 0.571296 0.047964 0.143407
4 0.733964 0.682407 0.047969 0.143407
9 0.693654 0.150731 0.045786 0.151167
11 0.380766 0.125560 0.055958 0.180880
0 0.293945 0.266366 0.076307 0.191213
7 0.283380 0.455014 0.053781 0.162787
