4 0.601927 0.243537 0.040042 0.105944
10 0.334810 0.567829 0.042151 0.108528
4 0.683687 0.481912 0.043677 0.120157
4 0.620094 0.581394 0.047312 0.120157
10 0.478016 0.691861 0.050073 0.124037
4 0.533977 0.162148 0.040047 0.105944
4 0.549964 0.682819 0.047312 0.120157
8 0.541969 0.377907 0.050802 0.158907
0 0.689500 0.540699 0.065406 0.208009
1 0.475109 0.136306 0.049458 0.147315
2 0.417698 0.206074 0.053073 0.157648
1 0.427870 0.144056 0.049458 0.147315
3 0.361737 0.226741 0.047964 0.127907
6 0.301411 0.191231 0.061156 0.192463
11 0.725109 0.137602 0.058865 0.177019
