6 0.322130 0.648579 0.064750 0.202843
3 0.365336 0.077519 0.047964 0.127907
4 0.601927 0.243537 0.040042 0.105944
10 0.334810 0.567829 0.042151 0.108528
4 0.683687 0.481912 0.043677 0.120157
4 0.620094 0.581394 0.047312 0.120157
4 0.693531 0.686694 0.047240 0.116278
0 0.763661 0.546514 0.065406 0.208009
1 0.747266 0.461898 0.051615 0.147315
11 0.725109 0.137602 0.058865 0.177019
4 0.533977 0.162148 0.040047 0.105944
1 0.539417 0.293926 0.049458 0.147315
2 0.480198 0.374032 0.053073 0.140824
8 0.413336 0.461884 0.050797 0.158917
10 0.478016 0.691861 0.050073 0.124037
