10 0.413862 0.230514 0.037464 0.109287
4 0.613716 0.470602 0.042266 0.107574
6 0.288799 0.262810 0.052089 0.191417
9 0.721518 0.151912 0.041682 0.134361
0 0.602815 0.198213 0.051943 0.188630
7 0.702448 0.682708 0.052083 0.151806
10 0.348813 0.468968 0.043604 0.111083
10 0.374250 0.092333 0.033427 0.094315
4 0.612339 0.395491 0.042260 0.107574
10 0.413607 0.475069 0.037464 0.109287
3 0.778331 0.680838 0.056661 0.136954
4 0.655135 0.104611 0.031250 0.095611
1 0.749615 0.465722 0.047240 0.143407
4 0.539102 0.574231 0.042266 0.107574
10 0.467161 0.675157 0.043490 0.113574
