9 0.721518 0.151912 0.041682 0.134361
4 0.702013 0.696338 0.042151 0.113694
7 0.413576 0.362403 0.045422 0.147509
4 0.613716 0.470602 0.042266 0.107574
6 0.288799 0.262810 0.052089 0.191417
0 0.672169 0.278963 0.051943 0.188630
10 0.413862 0.230514 0.037464 0.109287
10 0.413607 0.475069 0.037464 0.109287
3 0.778331 0.680838 0.056661 0.136954
1 0.749615 0.465722 0.047240 0.143407
10 0.374250 0.092333 0.033427 0.094315
10 0.348813 0.473472 0.043604 0.102074
10 0.334641 0.680843 0.047240 0.121463
4 0.655135 0.104611 0.031250 0.095611
4 0.690021 0.586523 0.042875 0.113694
4 0.612339 0.395491 0.042260 0.107574
