1 0.477289 0.209949 0.045057 0.144694
3 0.365336 0.077519 0.047964 0.127907
11 0.597927 0.137597 0.047240 0.171843
4 0.601927 0.243537 0.040042 0.105944
4 0.648474 0.164727 0.037063 0.113694
10 0.334810 0.567829 0.042151 0.108528
10 0.412245 0.675065 0.050073 0.124037
4 0.683687 0.481912 0.043677 0.120157
4 0.620094 0.581394 0.047312 0.120157
4 0.693531 0.686694 0.047240 0.116278
1 0.690227 0.591083 0.047964 0.155037
0 0.763661 0.546514 0.065406 0.208009
8 0.392987 0.467056 0.050797 0.158907
2 0.332318 0.454134 0.053073 0.140824
3 0.276708 0.367565 0.047969 0.145981
6 0.322130 0.648579 0.064750 0.202843
