10 0.341669 0.683528 0.043120 0.114796
4 0.689292 0.581231 0.040979 0.109574
4 0.692344 0.703435 0.042188 0.108500
10 0.351068 0.372375 0.037656 0.106176
4 0.671734 0.475181 0.038552 0.104194
2 0.605703 0.469278 0.047240 0.137741
3 0.778331 0.680838 0.056661 0.136954
2 0.672339 0.302917 0.047240 0.137741
1 0.605719 0.291079 0.047240 0.149880
4 0.655135 0.104611 0.031250 0.095611
8 0.423430 0.220014 0.045464 0.151787
10 0.374250 0.092333 0.033427 0.094315
1 0.602370 0.075741 0.034531 0.143407
9 0.320781 0.082722 0.041042 0.133259
9 0.281714 0.371815 0.047094 0.139704
10 0.348813 0.470264 0.043604 0.108491
7 0.361049 0.140338 0.047818 0.151806
6 0.265672 0.533843 0.058760 0.199167
8 0.414042 0.467620 0.045458 0.151796
10 0.427669 0.159204 0.033432 0.099741
0 0.743820 0.369134 0.058141 0.188306
5 0.741701 0.297477 0.053901 0.165806
3 0.711724 0.091356 0.044812 0.119620
4 0.664477 0.247995 0.038547 0.104194
11 0.287792 0.279718 0.052083 0.166880
4 0.554242 0.302921 0.038547 0.104194
7 0.338331 0.554856 0.047818 0.151806
10 0.408896 0.576403 0.043604 0.110713
10 0.483682 0.308282 0.035240 0.109361
4 0.611172 0.387977 0.038552 0.104194
