4 0.671734 0.475181 0.038552 0.104194
4 0.664477 0.247995 0.038547 0.104194
11 0.287792 0.279718 0.052083 0.166880
4 0.692344 0.703435 0.042188 0.108500
10 0.341669 0.683528 0.043120 0.114796
4 0.689292 0.581231 0.040979 0.109574
9 0.282026 0.373958 0.047719 0.139676
10 0.374250 0.092333 0.033427 0.094315
4 0.655135 0.104611 0.031250 0.095611
9 0.320781 0.083833 0.041042 0.135481
10 0.348813 0.469708 0.043604 0.109602
3 0.711724 0.091356 0.044812 0.119620
5 0.741701 0.297477 0.053901 0.165806
10 0.427669 0.159204 0.033432 0.099741
8 0.414042 0.467620 0.045458 0.151796
10 0.408896 0.576403 0.043604 0.110713
4 0.611172 0.387977 0.038552 0.104194
4 0.554242 0.302921 0.038547 0.104194
6 0.265672 0.534907 0.058760 0.197037
7 0.338331 0.554856 0.047818 0.151806
8 0.422219 0.221093 0.045458 0.151796
7 0.361049 0.140338 0.047818 0.151806
1 0.603281 0.078431 0.036354 0.140176
2 0.672339 0.302917 0.047240 0.137741
1 0.605721 0.293227 0.047234 0.149880
10 0.483385 0.304009 0.035240 0.109389
2 0.482177 0.385819 0.047240 0.137731
3 0.749253 0.477343 0.050870 0.141167
0 0.773193 0.555338 0.061167 0.199176
