4 0.677302 0.084199 0.036333 0.113694
4 0.680938 0.153963 0.040698 0.103352
4 0.638057 0.381352 0.043604 0.116278
4 0.712901 0.472458 0.046490 0.125287
4 0.732898 0.588718 0.044328 0.120157
4 0.730719 0.688829 0.050146 0.118824
1 0.566120 0.214042 0.042135 0.158917
1 0.501065 0.369083 0.045786 0.161500
10 0.433479 0.390398 0.042875 0.116278
10 0.346273 0.690801 0.047245 0.122713
10 0.392411 0.146213 0.037781 0.111111
10 0.365164 0.492463 0.045786 0.111111
0 0.802667 0.548667 0.069042 0.205426
3 0.786677 0.464685 0.048688 0.151167
3 0.740536 0.073847 0.043615 0.131750
7 0.440385 0.129412 0.043604 0.152454
10 0.438904 0.086806 0.042880 0.116278
9 0.284497 0.471148 0.054505 0.153741
6 0.283406 0.549310 0.068313 0.206713
9 0.711435 0.298690 0.054505 0.153750
