4 0.671734 0.475181 0.038552 0.104194
4 0.689292 0.581231 0.040979 0.109574
10 0.341669 0.683528 0.043120 0.114796
9 0.403458 0.670069 0.050167 0.146157
10 0.348813 0.473472 0.043604 0.102074
10 0.408896 0.576403 0.043604 0.110713
1 0.677497 0.373972 0.045411 0.144463
10 0.374250 0.092333 0.033427 0.094315
4 0.655135 0.104611 0.031250 0.095611
2 0.617833 0.472500 0.047240 0.143148
9 0.288375 0.379343 0.050167 0.137574
5 0.548185 0.283537 0.051495 0.164704
4 0.611172 0.387977 0.038552 0.104194
4 0.624789 0.689995 0.042807 0.120380
6 0.265672 0.531157 0.058760 0.204537
10 0.483385 0.304009 0.035240 0.109389
4 0.542133 0.226468 0.038547 0.104194
3 0.711724 0.091356 0.044812 0.119620
10 0.427669 0.159204 0.033432 0.099741
7 0.361049 0.140338 0.047818 0.151806
3 0.749253 0.477343 0.050870 0.141167
0 0.773193 0.555338 0.061167 0.199176
11 0.363474 0.202787 0.052083 0.166889
8 0.487008 0.559162 0.047859 0.151787
